TFT  :  0.81191951
LRCD  :  0.18808049