TFT  :  0.97645465
LRCD  :  0.02354535