TFT  :  0.93045926
LRCD  :  0.06954074